(0	3.26E-05
0.001	3.54E-05
0.002	3.76E-05
0.003	3.90E-05
0.004	3.95E-05
0.005	3.93E-05
0.006	3.88E-05
0.007	3.82E-05
0.008	3.75E-05
0.009	3.66E-05
0.01	3.53E-05
0.011	3.35E-05
0.012	3.16E-05
0.013	3.00E-05
0.014	2.91E-05
0.015	2.91E-05
0.016	2.96E-05
0.017	3.01E-05
0.018	2.97E-05
0.019	2.78E-05
0.02	2.41E-05
0.021	1.88E-05
0.022	1.26E-05
0.023	6.15E-06
0.024	5.00E-08
0.025	-4.95E-06
0.026	-8.75E-06
0.027	-1.13E-05
0.028	-1.28E-05
0.029	-1.35E-05
0.03	-1.37E-05
0.031	-1.36E-05
0.032	-1.36E-05
0.033	-1.40E-05
0.034	-1.49E-05
0.035	-1.64E-05
0.036	-1.86E-05
0.037	-2.10E-05
0.038	-2.34E-05
0.039	-2.51E-05
0.04	-2.60E-05
0.041	-2.59E-05
0.042	-2.51E-05
0.043	-2.43E-05
0.044	-2.37E-05
0.045	-2.34E-05
0.046	-2.33E-05
0.047	-2.29E-05
0.048	-2.20E-05
0.049	-2.07E-05
0.05	-1.91E-05
0.051	-1.74E-05
0.052	-1.59E-05
0.053	-1.44E-05
0.054	-1.28E-05
0.055	-1.11E-05
0.056	-9.55E-06
0.057	-8.55E-06
0.058	-8.25E-06
0.059	-8.25E-06
0.06	-8.35E-06
0.061	-7.85E-06
0.062	-6.95E-06
0.063	-5.95E-06
0.064	-5.35E-06
0.065	-5.55E-06
0.066	-6.55E-06
0.067	-7.65E-06
0.068	-8.35E-06
0.069	-8.15E-06
0.07	-7.35E-06
0.071	-6.35E-06
0.072	-5.85E-06
0.073	-6.15E-06
0.074	-7.05E-06
0.075	-7.95E-06
0.076	-8.45E-06
0.077	-8.35E-06
0.078	-7.95E-06
0.079	-7.45E-06
0.08	-7.05E-06
0.081	-6.85E-06
0.082	-6.65E-06
0.083	-6.35E-06
0.084	-6.15E-06
0.085	-6.15E-06
0.086	-6.45E-06
0.087	-6.95E-06
0.088	-7.15E-06
0.089	-6.85E-06
0.09	-6.25E-06
0.091	-5.55E-06
0.092	-5.25E-06
0.093	-5.35E-06
0.094	-5.85E-06
0.095	-6.25E-06
0.096	-6.25E-06
0.097	-5.95E-06
0.098	-5.45E-06
0.099	-5.15E-06
0.1	-5.15E-06
0.101	-5.35E-06
0.102	-5.35E-06
0.103	-5.05E-06
0.104	-4.35E-06
0.105	-3.75E-06
0.106	-3.55E-06
0.107	-3.85E-06
0.108	-4.65E-06
0.109	-5.65E-06
0.11	-6.25E-06
0.111	-6.35E-06
0.112	-5.85E-06
0.113	-4.85E-06
0.114	-3.75E-06
0.115	-2.95E-06
0.116	-2.45E-06
0.117	-2.35E-06
0.118	-2.45E-06
0.119	-2.35E-06
0.12	-1.85E-06
0.121	-8.50E-07
0.122	2.50E-07
0.123	1.25E-06
0.124	1.55E-06
0.125	1.25E-06
0.126	4.50E-07
0.127	-2.50E-07
0.128	-6.50E-07
0.129	-3.50E-07
0.13	2.50E-07
0.131	9.50E-07
0.132	1.45E-06
0.133	1.55E-06
0.134	1.25E-06
0.135	7.50E-07
0.136	1.50E-07
0.137	-1.50E-07
0.138	-3.50E-07
0.139	-1.50E-07
0.14	5.00E-08
0.141	3.50E-07
0.142	5.50E-07
0.143	6.50E-07
0.144	6.50E-07
0.145	4.50E-07
0.146	3.50E-07
0.147	2.50E-07
0.148	2.50E-07
0.149	3.50E-07
0.15	7.50E-07
0.151	1.05E-06
0.152	1.15E-06
0.153	1.05E-06
0.154	4.50E-07
0.155	-3.50E-07
0.156	-1.05E-06
0.157	-1.45E-06
0.158	-1.35E-06
0.159	-1.15E-06
0.16	-1.05E-06
0.161	-1.35E-06
0.162	-1.95E-06
0.163	-2.55E-06
0.164	-2.35E-06
0.165	-1.25E-06
0.166	7.50E-07
0.167	2.95E-06
0.168	4.85E-06
0.169	6.15E-06
0.17	7.15E-06
0.171	8.15E-06
0.172	9.85E-06
0.173	1.25E-05
0.174	1.63E-05
0.175	2.11E-05
0.176	2.66E-05
0.177	3.23E-05
0.178	3.76E-05
0.179	4.13E-05
0.18	4.29E-05
0.181	4.18E-05
0.182	3.84E-05
0.183	3.37E-05
0.184	2.86E-05
0.185	2.38E-05
0.186	1.93E-05
0.187	1.49E-05
0.188	1.01E-05
0.189	4.65E-06
0.19	-7.50E-07
0.191	-5.55E-06
0.192	-8.75E-06
0.193	-1.02E-05
0.194	-9.85E-06
0.195	-8.45E-06
0.196	-6.65E-06
0.197	-5.15E-06
0.198	-3.95E-06
0.199	-2.85E-06
0.2	-1.45E-06
0.201	4.50E-07
0.202	2.65E-06
0.203	4.65E-06
0.204	6.25E-06
0.205	7.15E-06
0.206	7.55E-06
0.207	7.65E-06
0.208	7.95E-06
0.209	8.15E-06
0.21	8.25E-06
0.211	7.95E-06
0.212	7.25E-06
0.213	6.65E-06
0.214	6.45E-06
0.215	6.95E-06
0.216	8.05E-06
0.217	9.25E-06
0.218	1.02E-05
0.219	1.06E-05
0.22	1.06E-05
0.221	1.08E-05
0.222	1.15E-05
0.223	1.25E-05
0.224	1.36E-05
0.225	1.45E-05
0.226	1.49E-05
0.227	1.49E-05
0.228	1.48E-05
0.229	1.49E-05
0.23	1.53E-05
0.231	1.56E-05
0.232	1.56E-05
0.233	1.54E-05
0.234	1.49E-05
0.235	1.45E-05
0.236	1.44E-05
0.237	1.45E-05
0.238	1.47E-05
0.239	1.48E-05
0.24	1.46E-05
0.241	1.40E-05
0.242	1.31E-05
0.243	1.21E-05
0.244	1.12E-05
0.245	1.07E-05
0.246	1.05E-05
0.247	1.07E-05
0.248	1.10E-05
0.249	1.12E-05
0.25	1.12E-05
0.251	1.10E-05
0.252	1.06E-05
0.253	1.03E-05
0.254	1.02E-05
0.255	1.03E-05
0.256	1.05E-05
0.257	1.08E-05
0.258	1.11E-05
0.259	1.14E-05
0.26	1.18E-05
0.261	1.22E-05
0.262	1.27E-05
0.263	1.32E-05
0.264	1.34E-05
0.265	1.33E-05
0.266	1.28E-05
0.267	1.21E-05
0.268	1.15E-05
0.269	1.13E-05
0.27	1.14E-05
0.271	1.18E-05
0.272	1.19E-05
0.273	1.16E-05
0.274	1.09E-05
0.275	1.01E-05
0.276	9.35E-06
0.277	9.15E-06
0.278	9.45E-06
0.279	9.85E-06
0.28	1.02E-05
0.281	1.02E-05
0.282	9.85E-06
0.283	9.45E-06
0.284	9.05E-06
0.285	8.75E-06
0.286	8.45E-06
0.287	8.15E-06
0.288	7.85E-06
0.289	7.55E-06
0.29	7.25E-06
0.291	7.05E-06
0.292	6.65E-06
0.293	6.15E-06
0.294	5.35E-06
0.295	4.55E-06
0.296	3.75E-06
0.297	3.25E-06
0.298	2.95E-06
0.299	3.05E-06
0.3	3.35E-06
0.301	3.45E-06
0.302	3.15E-06
0.303	2.45E-06
0.304	1.35E-06
0.305	3.50E-07
0.306	-2.50E-07
0.307	-4.50E-07
0.308	-4.50E-07
0.309	-6.50E-07
0.31	-1.25E-06
0.311	-2.25E-06
0.312	-3.15E-06
0.313	-3.35E-06
0.314	-2.85E-06
0.315	-1.85E-06
0.316	-1.05E-06
0.317	-9.50E-07
0.318	-1.45E-06
0.319	-2.15E-06
0.32	-2.45E-06
0.321	-2.15E-06
0.322	-1.15E-06
0.323	-5.00E-08
0.324	8.50E-07
0.325	1.25E-06
0.326	1.25E-06
0.327	1.25E-06
0.328	1.25E-06
0.329	1.45E-06
0.33	1.75E-06
0.331	1.95E-06
0.332	1.85E-06
0.333	1.65E-06
0.334	1.25E-06
0.335	7.50E-07
0.336	3.50E-07
0.337	2.50E-07
0.338	3.50E-07
0.339	4.50E-07
0.34	1.50E-07
0.341	-7.50E-07
0.342	-2.15E-06
0.343	-3.75E-06
0.344	-4.95E-06
0.345	-5.05E-06
0.346	-4.25E-06
0.347	-2.85E-06
0.348	-1.75E-06
0.349	-1.45E-06
0.35	-2.05E-06
0.351	-3.25E-06
0.352	-4.35E-06
0.353	-4.85E-06
0.354	-4.75E-06
0.355	-4.25E-06
0.356	-3.95E-06
0.357	-4.15E-06
0.358	-4.75E-06
0.359	-5.55E-06
0.36	-6.05E-06
0.361	-6.15E-06
0.362	-5.85E-06
0.363	-5.55E-06
0.364	-5.45E-06
0.365	-5.55E-06
0.366	-5.75E-06
0.367	-5.75E-06
0.368	-5.55E-06
0.369	-5.15E-06
0.37	-4.75E-06
0.371	-4.55E-06
0.372	-4.55E-06
0.373	-4.85E-06
0.374	-5.45E-06
0.375	-6.25E-06
0.376	-7.15E-06
0.377	-7.95E-06
0.378	-8.25E-06
0.379	-8.25E-06
0.38	-7.95E-06
0.381	-7.65E-06
0.382	-7.75E-06
0.383	-8.15E-06
0.384	-8.65E-06
0.385	-8.85E-06
0.386	-8.65E-06
0.387	-8.05E-06
0.388	-7.35E-06
0.389	-7.05E-06
0.39	-7.25E-06
0.391	-7.75E-06
0.392	-8.15E-06
0.393	-8.35E-06
0.394	-8.05E-06
0.395	-7.55E-06
0.396	-7.05E-06
0.397	-6.65E-06
0.398	-6.35E-06
0.399	-6.05E-06
0.4	-5.55E-06
0.401	-5.05E-06
0.402	-4.55E-06
0.403	-4.35E-06
0.404	-4.65E-06
0.405	-5.35E-06
0.406	-6.15E-06
0.407	-6.75E-06
0.408	-6.85E-06
0.409	-6.55E-06
0.41	-5.85E-06
0.411	-5.25E-06
0.412	-5.15E-06
0.413	-5.55E-06
0.414	-6.45E-06
0.415	-7.55E-06
0.416	-8.15E-06
0.417	-8.25E-06
0.418	-7.75E-06
0.419	-6.85E-06
0.42	-5.85E-06
0.421	-5.15E-06
0.422	-4.45E-06
0.423	-3.95E-06
0.424	-3.45E-06
0.425	-2.95E-06
0.426	-2.85E-06
0.427	-3.25E-06
0.428	-4.05E-06
0.429	-5.15E-06
0.43	-6.05E-06
0.431	-6.55E-06
0.432	-6.45E-06
0.433	-6.15E-06
0.434	-5.85E-06
0.435	-5.75E-06
0.436	-5.75E-06
0.437	-5.85E-06
0.438	-5.55E-06
0.439	-4.75E-06
0.44	-3.65E-06
0.441	-2.65E-06
0.442	-1.95E-06
0.443	-1.85E-06
0.444	-2.15E-06
0.445	-2.85E-06
0.446	-3.35E-06
0.447	-3.75E-06
0.448	-3.65E-06
0.449	-3.35E-06
0.45	-2.65E-06
0.451	-1.85E-06
0.452	-9.50E-07
0.453	-1.50E-07
0.454	3.50E-07
0.455	4.50E-07
0.456	1.50E-07
0.457	-5.50E-07
0.458	-1.15E-06
0.459	-1.55E-06
0.46	-1.45E-06
0.461	-1.15E-06
0.462	-8.50E-07
0.463	-7.50E-07
0.464	-1.35E-06
0.465	-2.35E-06
0.466	-3.65E-06
0.467	-4.65E-06
0.468	-5.15E-06
0.469	-5.05E-06
0.47	-4.65E-06
0.471	-4.35E-06
0.472	-4.55E-06
0.473	-5.15E-06
0.474	-5.95E-06
0.475	-6.45E-06
0.476	-6.45E-06
0.477	-6.05E-06
0.478	-5.55E-06
0.479	-5.25E-06
0.48	-5.05E-06
0.481	-4.85E-06
0.482	-4.55E-06
0.483	-4.05E-06
0.484	-3.45E-06
0.485	-3.15E-06
0.486	-3.35E-06
0.487	-3.95E-06
0.488	-4.75E-06
0.489	-5.55E-06
0.49	-6.15E-06
0.491	-6.45E-06
0.492	-6.45E-06
0.493	-6.35E-06
0.494	-5.85E-06
0.495	-5.15E-06
0.496	-4.15E-06
0.497	-3.15E-06
0.498	-2.25E-06
0.499	-1.95E-06
0.5	-2.25E-06
0.501	-3.05E-06
0.502	-3.85E-06
0.503	-4.45E-06
0.504	-4.65E-06
0.505	-4.35E-06
0.506	-3.95E-06
0.507	-3.65E-06
0.508	-3.55E-06
0.509	-3.65E-06
0.51	-3.85E-06
0.511	-3.85E-06
0.512	-3.65E-06
0.513	-3.15E-06
0.514	-2.65E-06
0.515	-2.25E-06
0.516	-2.05E-06
0.517	-1.85E-06
0.518	-1.65E-06
0.519	-1.35E-06
0.52	-1.25E-06
0.521	-1.25E-06
0.522	-1.75E-06
0.523	-2.55E-06
0.524	-3.75E-06
0.525	-4.85E-06
0.526	-5.55E-06
0.527	-5.85E-06
0.528	-5.65E-06
0.529	-5.25E-06
0.53	-4.85E-06
0.531	-4.55E-06
0.532	-4.45E-06
0.533	-4.35E-06
0.534	-4.45E-06
0.535	-4.45E-06
0.536	-4.65E-06
0.537	-4.75E-06
0.538	-4.85E-06
0.539	-4.65E-06
0.54	-4.05E-06
0.541	-3.05E-06
0.542	-1.95E-06
0.543	-1.05E-06
0.544	-3.50E-07
0.545	5.00E-08
0.546	3.50E-07
0.547	8.50E-07
0.548	1.65E-06
0.549	2.45E-06
0.55	2.85E-06
0.551	2.35E-06
0.552	1.05E-06
0.553	-8.50E-07
0.554	-2.55E-06
0.555	-3.45E-06
0.556	-3.35E-06
0.557	-2.55E-06
0.558	-1.55E-06
0.559	-7.50E-07
0.56	-6.50E-07
0.561	-1.15E-06
0.562	-2.05E-06
0.563	-2.95E-06
0.564	-3.65E-06
0.565	-4.15E-06
0.566	-4.35E-06
0.567	-4.45E-06
0.568	-4.35E-06
0.569	-4.15E-06
0.57	-3.95E-06
0.571	-3.75E-06
0.572	-3.75E-06
0.573	-3.75E-06
0.574	-3.95E-06
0.575	-4.15E-06
0.576	-4.35E-06
0.577	-4.35E-06
0.578	-4.35E-06
0.579	-4.15E-06
0.58	-3.75E-06
0.581	-3.15E-06
0.582	-2.65E-06
0.583	-2.25E-06
0.584	-2.35E-06
0.585	-2.95E-06
0.586	-3.85E-06
0.587	-4.85E-06
0.588	-5.55E-06
0.589	-5.75E-06
0.59	-5.35E-06
0.591	-4.65E-06
0.592	-3.85E-06
0.593	-3.25E-06
0.594	-2.95E-06
0.595	-2.75E-06
0.596	-2.75E-06
0.597	-2.65E-06
0.598	-2.55E-06
0.599	-2.25E-06
0.6	-1.95E-06
0.601	-1.75E-06
0.602	-1.55E-06
0.603	-1.45E-06
0.604	-1.45E-06
0.605	-1.55E-06
0.606	-1.55E-06
0.607	-1.55E-06
0.608	-1.55E-06
0.609	-1.55E-06
0.61	-1.75E-06
0.611	-1.95E-06
0.612	-2.15E-06
0.613	-2.05E-06
0.614	-1.55E-06
0.615	-9.50E-07
0.616	-4.50E-07
0.617	-3.50E-07
0.618	-7.50E-07
0.619	-1.45E-06
0.62	-2.05E-06
0.621	-2.25E-06
0.622	-2.05E-06
0.623	-1.55E-06
0.624	-1.15E-06
0.625	-9.50E-07
0.626	-1.25E-06
0.627	-1.85E-06
0.628	-2.85E-06
0.629	-4.05E-06
0.63	-5.35E-06
0.631	-6.65E-06
0.632	-7.75E-06
0.633	-8.45E-06
0.634	-8.45E-06
0.635	-7.85E-06
0.636	-6.85E-06
0.637	-5.75E-06
0.638	-4.75E-06
0.639	-3.85E-06
0.64	-2.75E-06
0.641	-8.50E-07
0.642	2.45E-06
0.643	7.45E-06
0.644	1.39E-05
0.645	2.08E-05
0.646	2.66E-05
0.647	3.01E-05
0.648	3.07E-05
0.649	2.86E-05
0.65	2.49E-05
0.651	2.08E-05
0.652	1.68E-05
0.653	1.32E-05
0.654	9.45E-06
0.655	5.25E-06
0.656	5.50E-07
0.657	-4.45E-06
0.658	-9.15E-06
0.659	-1.31E-05
0.66	-1.59E-05
0.661	-1.74E-05
0.662	-1.77E-05
0.663	-1.66E-05
0.664	-1.44E-05
0.665	-1.14E-05
0.666	-8.35E-06
0.667	-5.75E-06
0.668	-3.75E-06
0.669	-2.35E-06
0.67	-1.15E-06
0.671	-5.00E-08
0.672	8.50E-07
0.673	1.25E-06
0.674	9.50E-07
0.675	1.50E-07
0.676	-6.50E-07
0.677	-7.50E-07
0.678	1.50E-07
0.679	1.95E-06
0.68	4.05E-06
0.681	5.85E-06
0.682	7.25E-06
0.683	8.65E-06
0.684	1.04E-05
0.685	1.27E-05
0.686	1.52E-05
0.687	1.77E-05
0.688	1.98E-05
0.689	2.17E-05
0.69	2.36E-05
0.691	2.61E-05
0.692	2.92E-05
0.693	3.24E-05
0.694	3.53E-05
0.695	3.76E-05
0.696	3.93E-05
0.697	4.08E-05
0.698	4.25E-05
0.699	4.41E-05
0.7	4.54E-05
0.701	4.58E-05
0.702	4.49E-05
0.703	4.31E-05
0.704	4.06E-05
0.705	3.82E-05
0.706	3.64E-05
0.707	3.52E-05
0.708	3.47E-05
0.709	3.43E-05
0.71	3.38E-05
0.711	3.26E-05
0.712	3.04E-05
0.713	2.71E-05
0.714	2.29E-05
0.715	1.81E-05
0.716	1.32E-05
0.717	8.05E-06
0.718	2.85E-06
0.719	-2.75E-06
0.72	-8.45E-06
0.721	-1.39E-05
0.722	-1.83E-05
0.723	-2.09E-05
0.724	-2.18E-05
0.725	-2.15E-05
0.726	-2.07E-05
0.727	-2.06E-05
0.728	-2.13E-05
0.729	-2.28E-05
0.73	-2.46E-05
0.731	-2.61E-05
0.732	-2.71E-05
0.733	-2.75E-05
0.734	-2.76E-05
0.735	-2.75E-05
0.736	-2.73E-05
0.737	-2.72E-05
0.738	-2.69E-05
0.739	-2.64E-05
0.74	-2.54E-05
0.741	-2.40E-05
0.742	-2.21E-05
0.743	-2.02E-05
0.744	-1.86E-05
0.745	-1.75E-05
0.746	-1.67E-05
0.747	-1.60E-05
0.748	-1.51E-05
0.749	-1.38E-05
0.75	-1.22E-05
0.751	-1.04E-05
0.752	-8.65E-06
0.753	-7.05E-06
0.754	-5.65E-06
0.755	-4.45E-06
0.756	-3.55E-06
0.757	-2.95E-06
0.758	-2.85E-06
0.759	-3.15E-06
0.76	-3.75E-06
0.761	-4.45E-06
0.762	-5.05E-06
0.763	-5.45E-06
0.764	-5.55E-06
0.765	-5.45E-06
0.766	-5.15E-06
0.767	-4.65E-06
0.768	-4.25E-06
0.769	-4.05E-06
0.77	-4.05E-06
0.771	-3.95E-06
0.772	-3.75E-06
0.773	-3.05E-06
0.774	-2.05E-06
0.775	-1.05E-06
0.776	-1.50E-07
0.777	3.50E-07
0.778	6.50E-07
0.779	9.50E-07
0.78	1.35E-06
0.781	2.05E-06
0.782	2.65E-06
0.783	3.05E-06
0.784	2.95E-06
0.785	2.25E-06
0.786	1.25E-06
0.787	-5.00E-08
0.788	-1.45E-06
0.789	-2.65E-06
0.79	-3.55E-06
0.791	-4.05E-06
0.792	-4.15E-06
0.793	-3.75E-06
0.794	-2.85E-06
0.795	-1.95E-06
0.796	-1.25E-06
0.797	-1.05E-06
0.798	-1.35E-06
0.799	-2.05E-06
0.8	-2.75E-06
0.801	-3.25E-06
0.802	-3.55E-06
0.803	-3.65E-06
0.804	-3.65E-06
0.805	-3.55E-06
0.806	-3.45E-06
0.807	-2.95E-06
0.808	-2.15E-06
0.809	-9.50E-07
0.81	2.50E-07
0.811	1.05E-06
0.812	1.15E-06
0.813	7.50E-07
0.814	-5.00E-08
0.815	-6.50E-07
0.816	-9.50E-07
0.817	-6.50E-07
0.818	-2.50E-07
0.819	3.50E-07
0.82	6.50E-07
0.821	7.50E-07
0.822	5.50E-07
0.823	3.50E-07
0.824	1.50E-07
0.825	1.50E-07
0.826	4.50E-07
0.827	7.50E-07
0.828	9.50E-07
0.829	8.50E-07
0.83	5.50E-07
0.831	5.00E-08
0.832	-4.50E-07
0.833	-7.50E-07
0.834	-8.50E-07
0.835	-8.50E-07
0.836	-7.50E-07
0.837	-8.50E-07
0.838	-1.15E-06
0.839	-1.85E-06
0.84	-2.55E-06
0.841	-3.05E-06
0.842	-3.15E-06
0.843	-2.65E-06
0.844	-1.75E-06
0.845	-9.50E-07
0.846	-6.50E-07
0.847	-8.50E-07
0.848	-1.55E-06
0.849	-2.05E-06
0.85	-1.75E-06
0.851	-5.50E-07
0.852	1.05E-06
0.853	2.45E-06
0.854	3.05E-06
0.855	2.75E-06
0.856	2.05E-06
0.857	1.55E-06
0.858	1.75E-06
0.859	2.45E-06
0.86	3.55E-06
0.861	4.45E-06
0.862	4.85E-06
0.863	5.05E-06
0.864	5.35E-06
0.865	5.65E-06
0.866	5.95E-06
0.867	6.05E-06
0.868	5.75E-06
0.869	5.25E-06
0.87	4.75E-06
0.871	4.65E-06
0.872	4.95E-06
0.873	5.45E-06
0.874	5.75E-06
0.875	5.95E-06
0.876	6.15E-06
0.877	6.55E-06
0.878	7.35E-06
0.879	8.15E-06
0.88	8.85E-06
0.881	8.85E-06
0.882	8.35E-06
0.883	7.65E-06
0.884	7.05E-06
0.885	7.05E-06
0.886	7.95E-06
0.887	9.35E-06
0.888	1.11E-05
0.889	1.26E-05
0.89	1.37E-05
0.891	1.45E-05
0.892	1.50E-05
0.893	1.52E-05
0.894	1.52E-05
0.895	1.48E-05
0.896	1.38E-05
0.897	1.24E-05
0.898	1.10E-05
0.899	1.01E-05
0.9	9.85E-06
0.901	1.06E-05
0.902	1.14E-05
0.903	1.21E-05
0.904	1.21E-05
0.905	1.17E-05
0.906	1.14E-05
0.907	1.14E-05
0.908	1.18E-05
0.909	1.22E-05
0.91	1.23E-05
0.911	1.17E-05
0.912	1.09E-05
0.913	1.04E-05
0.914	1.06E-05
0.915	1.15E-05
0.916	1.26E-05
0.917	1.34E-05
0.918	1.36E-05
0.919	1.33E-05
0.92	1.31E-05
0.921	1.31E-05
0.922	1.35E-05
0.923	1.38E-05
0.924	1.36E-05
0.925	1.27E-05
0.926	1.16E-05
0.927	1.09E-05
0.928	1.09E-05
0.929	1.19E-05
0.93	1.33E-05
0.931	1.44E-05
0.932	1.48E-05
0.933	1.45E-05
0.934	1.37E-05
0.935	1.30E-05
0.936	1.28E-05
0.937	1.31E-05
0.938	1.37E-05
0.939	1.41E-05
0.94	1.41E-05
0.941	1.38E-05
0.942	1.34E-05
0.943	1.33E-05
0.944	1.34E-05
0.945	1.37E-05
0.946	1.40E-05
0.947	1.40E-05
0.948	1.38E-05
0.949	1.34E-05
0.95	1.30E-05
0.951	1.29E-05
0.952	1.30E-05
0.953	1.32E-05
0.954	1.36E-05
0.955	1.38E-05
0.956	1.37E-05
0.957	1.32E-05
0.958	1.25E-05
0.959	1.16E-05
0.96	1.07E-05
0.961	1.01E-05
0.962	9.75E-06
0.963	9.75E-06
0.964	9.95E-06
0.965	1.02E-05
0.966	1.01E-05
0.967	9.75E-06
0.968	9.25E-06
0.969	8.85E-06
0.97	8.65E-06
0.971	8.85E-06
0.972	9.35E-06
0.973	9.75E-06
0.974	9.95E-06
0.975	9.75E-06
0.976	9.45E-06
0.977	9.35E-06
0.978	9.55E-06
0.979	1.01E-05
0.98	1.07E-05
0.981	1.09E-05
0.982	1.05E-05
0.983	9.45E-06
0.984	8.15E-06
0.985	6.95E-06
0.986	5.95E-06
0.987	5.35E-06
0.988	4.75E-06
0.989	3.95E-06
0.99	3.05E-06
0.991	2.35E-06
0.992	1.75E-06
0.993	1.55E-06
0.994	1.55E-06
0.995	1.55E-06
0.996	1.45E-06
0.997	1.25E-06
0.998	1.15E-06
0.999	1.15E-06
1	1.25E-06
1.001	1.05E-06
1.002	6.50E-07
1.003	2.50E-07
1.004	-5.00E-08
1.005	3.50E-07
1.006	1.25E-06
1.007	2.35E-06
1.008	3.15E-06
1.009	3.25E-06
1.01	2.55E-06
1.011	1.45E-06
1.012	1.50E-07
1.013	-9.50E-07
1.014	-1.65E-06
1.015	-2.25E-06
1.016	-2.95E-06
1.017	-3.65E-06
1.018	-4.55E-06
1.019	-5.35E-06
1.02	-6.15E-06
1.021	-6.65E-06
1.022	-6.85E-06
1.023	-6.85E-06
1.024	-6.55E-06
1.025	-5.95E-06
1.026	-5.05E-06
1.027	-3.85E-06
1.028	-2.65E-06
1.029	-1.65E-06
1.03	-1.05E-06
1.031	-1.15E-06
1.032	-1.95E-06
1.033	-3.15E-06
1.034	-4.55E-06
1.035	-5.75E-06
1.036	-6.55E-06
1.037	-6.65E-06
1.038	-6.15E-06
1.039	-5.25E-06
1.04	-4.25E-06
1.041	-3.15E-06
1.042	-2.45E-06
1.043	-2.05E-06
1.044	-2.05E-06
1.045	-2.15E-06
1.046	-2.15E-06
1.047	-1.65E-06
1.048	-8.50E-07
1.049	2.50E-07
1.05	1.45E-06
1.051	2.35E-06
1.052	2.65E-06
1.053	2.55E-06
1.054	1.85E-06
1.055	9.50E-07
1.056	1.50E-07
1.057	-3.50E-07
1.058	-3.50E-07
1.059	5.00E-08
1.06	6.50E-07
1.061	1.05E-06
1.062	1.15E-06
1.063	6.50E-07
1.064	-5.00E-08
1.065	-7.50E-07
1.066	-1.25E-06
1.067	-1.25E-06
1.068	-9.50E-07
1.069	-4.50E-07
1.07	1.50E-07
1.071	5.50E-07
1.072	9.50E-07
1.073	1.35E-06
1.074	1.65E-06
1.075	1.95E-06
1.076	1.95E-06
1.077	1.75E-06
1.078	1.25E-06
1.079	6.50E-07
1.08	2.50E-07
1.081	2.50E-07
1.082	8.50E-07
1.083	1.75E-06
1.084	2.75E-06
1.085	3.25E-06
1.086	2.95E-06
1.087	1.85E-06
1.088	4.50E-07
1.089	-9.50E-07
1.09	-1.75E-06
1.091	-1.95E-06
1.092	-1.75E-06
1.093	-1.85E-06
1.094	-2.45E-06
1.095	-3.65E-06
1.096	-5.05E-06
1.097	-6.15E-06
1.098	-6.45E-06
1.099	-6.05E-06
1.1	-5.15E-06
1.101	-4.15E-06
1.102	-3.25E-06
1.103	-2.25E-06
1.104	-1.15E-06
1.105	3.50E-07
1.106	2.55E-06
1.107	5.45E-06
1.108	9.25E-06
1.109	1.41E-05
1.11	1.97E-05
1.111	2.56E-05
1.112	3.10E-05
1.113	3.47E-05
1.114	3.62E-05
1.115	3.51E-05
1.116	3.21E-05
1.117	2.80E-05
1.118	2.36E-05
1.119	1.94E-05
1.12	1.53E-05
1.121	1.09E-05
1.122	5.65E-06
1.123	-3.50E-07
1.124	-6.75E-06
1.125	-1.27E-05
1.126	-1.72E-05
1.127	-1.97E-05
1.128	-2.02E-05
1.129	-1.91E-05
1.13	-1.74E-05
1.131	-1.56E-05
1.132	-1.43E-05
1.133	-1.31E-05
1.134	-1.20E-05
1.135	-1.07E-05
1.136	-9.15E-06
1.137	-7.95E-06
1.138	-7.15E-06
1.139	-6.75E-06
1.14	-6.65E-06
1.141	-6.45E-06
1.142	-6.05E-06
1.143	-5.55E-06
1.144	-5.25E-06
1.145	-5.25E-06
1.146	-5.55E-06
1.147	-6.15E-06
1.148	-6.65E-06
1.149	-6.85E-06
1.15	-6.95E-06
1.151	-6.85E-06
1.152	-6.65E-06
1.153	-6.35E-06
1.154	-5.85E-06
1.155	-5.35E-06
1.156	-4.85E-06
1.157	-4.55E-06
1.158	-4.45E-06
1.159	-4.65E-06
1.16	-4.85E-06
1.161	-4.95E-06
1.162	-4.95E-06
1.163	-4.85E-06
1.164	-4.95E-06
1.165	-5.15E-06
1.166	-5.45E-06
1.167	-5.65E-06
1.168	-5.65E-06
1.169	-5.35E-06
1.17	-5.05E-06
1.171	-4.95E-06
1.172	-5.35E-06
1.173	-6.15E-06
1.174	-6.95E-06
1.175	-7.55E-06
1.176	-7.55E-06
1.177	-7.25E-06
1.178	-7.05E-06
1.179	-7.25E-06
1.18	-7.95E-06
1.181	-8.95E-06
1.182	-9.75E-06
1.183	-9.85E-06
1.184	-9.15E-06
1.185	-7.75E-06
1.186	-6.25E-06
1.187	-5.15E-06
1.188	-4.75E-06
1.189	-5.15E-06
1.19	-6.05E-06
1.191	-6.95E-06
1.192	-7.45E-06
1.193	-7.45E-06
1.194	-7.05E-06
1.195	-6.55E-06
1.196	-6.35E-06
1.197	-6.55E-06
1.198	-7.05E-06
1.199	-7.75E-06
1.2	-8.15E-06
1.201	-8.05E-06
1.202	-7.55E-06
1.203	-6.75E-06
1.204	-6.05E-06
1.205	-5.55E-06
1.206	-5.25E-06
1.207	-4.95E-06
1.208	-4.65E-06
1.209	-4.35E-06
1.21	-4.05E-06
1.211	-3.95E-06
1.212	-3.95E-06
1.213	-4.05E-06
1.214	-3.95E-06
1.215	-3.65E-06
1.216	-3.25E-06
1.217	-3.15E-06
1.218	-3.75E-06
1.219	-5.05E-06
1.22	-6.75E-06
1.221	-8.25E-06
1.222	-9.05E-06
1.223	-8.85E-06
1.224	-7.75E-06
1.225	-6.25E-06
1.226	-4.95E-06
1.227	-4.15E-06
1.228	-4.15E-06
1.229	-4.45E-06
1.23	-4.75E-06
1.231	-4.85E-06
1.232	-4.55E-06
1.233	-4.05E-06
1.234	-3.75E-06
1.235	-3.75E-06
1.236	-3.95E-06
1.237	-4.15E-06
1.238	-4.05E-06
1.239	-3.65E-06
1.24	-3.05E-06
1.241	-2.65E-06
1.242	-2.55E-06
1.243	-2.85E-06
1.244	-3.25E-06
1.245	-3.25E-06
1.246	-2.75E-06
1.247	-1.85E-06
1.248	-1.05E-06
1.249	-7.50E-07
1.25	-1.15E-06
1.251	-1.85E-06
1.252	-2.55E-06
1.253	-2.55E-06
1.254	-1.95E-06
1.255	-9.50E-07
1.256	-5.00E-08
1.257	1.50E-07
1.258	-3.50E-07
1.259	-1.15E-06
1.26	-1.75E-06
1.261	-1.85E-06
1.262	-1.45E-06
1.263	-8.50E-07
1.264	-3.50E-07
1.265	-2.50E-07
1.266	-4.50E-07
1.267	-7.50E-07
1.268	-8.50E-07
1.269	-7.50E-07
1.27	-5.50E-07
1.271	-5.50E-07
1.272	-9.50E-07
1.273	-1.65E-06
1.274	-2.45E-06
1.275	-2.95E-06
1.276	-2.75E-06
1.277	-1.95E-06
1.278	-5.50E-07
1.279	1.05E-06
1.28	2.25E-06
1.281	2.75E-06
1.282	2.45E-06
1.283	1.75E-06
1.284	1.15E-06
1.285	8.50E-07
1.286	1.15E-06
1.287	1.75E-06
1.288	2.25E-06
1.289	2.25E-06
1.29	1.85E-06
1.291	1.15E-06
1.292	6.50E-07
1.293	6.50E-07
1.294	9.50E-07
1.295	1.25E-06
1.296	1.45E-06
1.297	1.35E-06
1.298	1.05E-06
1.299	1.15E-06
1.3	1.75E-06
1.301	2.75E-06
1.302	3.85E-06
1.303	4.55E-06
1.304	4.35E-06
1.305	3.25E-06
1.306	1.75E-06
1.307	4.50E-07
1.308	-2.50E-07
1.309	-2.50E-07
1.31	1.50E-07
1.311	4.50E-07
1.312	5.00E-08
1.313	-9.50E-07
1.314	-2.35E-06
1.315	-3.35E-06
1.316	-3.55E-06
1.317	-2.65E-06
1.318	-8.50E-07
1.319	1.35E-06
1.32	3.45E-06
1.321	5.05E-06
1.322	5.95E-06
1.323	5.85E-06
1.324	5.05E-06
1.325	3.55E-06
1.326	1.65E-06
1.327	-3.50E-07
1.328	-2.05E-06
1.329	-3.25E-06
1.33	-3.75E-06
1.331	-3.95E-06
1.332	-4.25E-06
1.333	-4.75E-06
1.334	-5.35E-06
1.335	-5.95E-06
1.336	-6.15E-06
1.337	-5.85E-06
1.338	-5.25E-06
1.339	-4.45E-06
1.34	-3.95E-06
1.341	-3.55E-06
1.342	-3.35E-06
1.343	-3.15E-06
1.344	-2.95E-06
1.345	-2.75E-06
1.346	-2.65E-06
1.347	-2.55E-06
1.348	-2.45E-06
1.349	-2.35E-06
1.35	-2.35E-06
1.351	-2.75E-06
1.352	-3.65E-06
1.353	-4.85E-06
1.354	-5.85E-06
1.355	-6.25E-06
1.356	-6.05E-06
1.357	-5.25E-06
1.358	-4.55E-06
1.359	-4.15E-06
1.36	-4.35E-06
1.361	-4.75E-06
1.362	-5.15E-06
1.363	-4.95E-06
1.364	-4.35E-06
1.365	-3.75E-06
1.366	-3.25E-06
1.367	-3.25E-06
1.368	-3.55E-06
1.369	-3.75E-06
1.37	-3.75E-06
1.371	-3.25E-06
1.372	-2.65E-06
1.373	-2.15E-06
1.374	-2.05E-06
1.375	-2.45E-06
1.376	-3.15E-06
1.377	-3.95E-06
1.378	-4.75E-06
1.379	-5.45E-06
1.38	-5.95E-06
1.381	-6.15E-06
1.382	-6.15E-06
1.383	-5.75E-06
1.384	-5.15E-06
1.385	-4.45E-06
1.386	-4.15E-06
1.387	-4.25E-06
1.388	-4.65E-06
1.389	-5.05E-06
1.39	-5.15E-06
1.391	-4.65E-06
1.392	-3.85E-06
1.393	-3.05E-06
1.394	-2.55E-06
1.395	-2.55E-06
1.396	-3.05E-06
1.397	-3.65E-06
1.398	-3.95E-06
1.399	-3.95E-06
1.4	-3.55E-06
1.401	-2.95E-06
1.402	-2.35E-06
1.403	-1.95E-06
1.404	-1.65E-06
1.405	-1.65E-06
1.406	-1.85E-06
1.407	-2.25E-06
1.408	-2.95E-06
1.409	-3.55E-06
1.41	-4.05E-06
1.411	-4.25E-06
1.412	-4.15E-06
1.413	-3.75E-06
1.414	-3.15E-06
1.415	-2.35E-06
1.416	-1.25E-06
1.417	4.50E-07
1.418	2.65E-06
1.419	5.45E-06
1.42	8.45E-06
1.421	1.13E-05
1.422	1.37E-05
1.423	1.54E-05
1.424	1.68E-05
1.425	1.79E-05
1.426	1.91E-05
1.427	2.05E-05
1.428	2.20E-05
1.429	2.35E-05
1.43	2.52E-05
1.431	2.70E-05
1.432	2.91E-05
1.433	3.15E-05
1.434	3.39E-05
1.435	3.63E-05
1.436	3.83E-05
1.437	3.99E-05
1.438	4.08E-05
1.439	4.10E-05
1.44	4.01E-05
1.441	3.83E-05
1.442	3.56E-05
1.443	3.25E-05
1.444	2.96E-05
1.445	2.76E-05
1.446	2.68E-05
1.447	2.70E-05
1.448	2.76E-05
1.449	2.79E-05
1.45	2.71E-05
1.451	2.50E-05
1.452	2.16E-05
1.453	1.71E-05
1.454	1.20E-05
1.455	6.45E-06
1.456	6.50E-07
1.457	-5.35E-06
1.458	-1.12E-05
1.459	-1.66E-05
1.46	-2.11E-05
1.461	-2.45E-05
1.462	-2.66E-05
1.463	-2.75E-05
1.464	-2.77E-05
1.465	-2.74E-05
1.466	-2.71E-05
1.467	-2.68E-05
1.468	-2.67E-05
1.469	-2.68E-05
1.47	-2.71E-05
1.471	-2.76E-05
1.472	-2.80E-05
1.473	-2.83E-05
1.474	-2.84E-05
1.475	-2.82E-05
1.476	-2.78E-05
1.477	-2.70E-05
1.478	-2.59E-05
1.479	-2.44E-05
1.48	-2.26E-05
1.481	-2.08E-05
1.482	-1.91E-05
1.483	-1.76E-05
1.484	-1.63E-05
1.485	-1.49E-05
1.486	-1.32E-05
1.487	-1.12E-05
1.488	-9.05E-06
1.489	-7.15E-06
1.49	-6.05E-06
1.491	-5.75E-06
1.492	-5.95E-06
1.493	-6.35E-06
1.494	-6.55E-06
1.495	-6.35E-06
1.496	-5.95E-06
1.497	-5.65E-06
1.498	-5.45E-06
1.499	-5.45E-06
1.5	-5.35E-06
1.501	-4.95E-06
1.502	-4.35E-06
1.503	-3.75E-06
1.504	-3.35E-06
1.505	-3.45E-06
1.506	-3.65E-06
1.507	-3.75E-06
1.508	-3.35E-06
1.509	-2.45E-06
1.51	-1.25E-06
1.511	-3.50E-07
1.512	-5.00E-08
1.513	-2.50E-07
1.514	-8.50E-07
1.515	-1.45E-06
1.516	-1.65E-06
1.517	-1.45E-06
1.518	-1.15E-06
1.519	-9.50E-07
1.52	-1.15E-06
1.521	-1.45E-06
1.522	-1.85E-06
1.523	-2.05E-06
1.524	-1.95E-06
1.525	-1.55E-06
1.526	-9.50E-07
1.527	-2.50E-07
1.528	5.50E-07
1.529	1.25E-06
1.53	2.05E-06
1.531	2.85E-06
1.532	3.85E-06
1.533	5.05E-06
1.534	6.35E-06
1.535	7.35E-06
1.536	7.75E-06
1.537	7.45E-06
1.538	6.55E-06
1.539	5.45E-06
1.54	4.45E-06
1.541	3.75E-06
1.542	3.35E-06
1.543	2.85E-06
1.544	2.35E-06
1.545	1.85E-06
1.546	1.65E-06
1.547	1.95E-06
1.548	2.75E-06
1.549	3.55E-06
1.55	4.15E-06
1.551	4.25E-06
1.552	3.95E-06
1.553	3.75E-06
1.554	3.65E-06
1.555	3.65E-06
1.556	3.65E-06
1.557	3.45E-06
1.558	2.95E-06
1.559	2.45E-06
1.56	1.95E-06
1.561	1.55E-06
1.562	1.15E-06
1.563	7.50E-07
1.564	4.50E-07
1.565	5.50E-07
1.566	1.45E-06
1.567	2.95E-06
1.568	5.05E-06
1.569	7.25E-06
1.57	9.05E-06
1.571	1.06E-05
1.572	1.24E-05
1.573	1.51E-05
1.574	1.92E-05
1.575	2.47E-05
1.576	3.08E-05
1.577	3.62E-05
1.578	3.98E-05
1.579	4.11E-05
1.58	4.00E-05
1.581	3.74E-05
1.582	3.41E-05
1.583	3.05E-05
1.584	2.66E-05
1.585	2.21E-05
1.586	1.68E-05
1.587	1.10E-05
1.588	5.25E-06
1.589	4.50E-07
1.59	-2.95E-06
1.591	-5.05E-06
1.592	-6.25E-06
1.593	-7.15E-06
1.594	-7.75E-06
1.595	-7.85E-06
1.596	-7.15E-06
1.597	-5.35E-06
1.598	-2.75E-06
1.599	5.00E-08
1.6	2.55E-06
1.601	4.25E-06
1.602	5.55E-06
1.603	6.55E-06
1.604	7.45E-06
1.605	8.35E-06
1.606	8.85E-06
1.607	9.05E-06
1.608	8.75E-06
1.609	8.65E-06
1.61	8.85E-06
1.611	9.45E-06
1.612	1.03E-05
1.613	1.09E-05
1.614	1.12E-05
1.615	1.13E-05
1.616	1.15E-05
1.617	1.22E-05
1.618	1.30E-05
1.619	1.37E-05
1.62	1.38E-05
1.621	1.33E-05
1.622	1.26E-05
1.623	1.21E-05
1.624	1.25E-05
1.625	1.36E-05
1.626	1.49E-05
1.627	1.58E-05
1.628	1.57E-05
1.629	1.47E-05
1.63	1.34E-05
1.631	1.23E-05
1.632	1.19E-05
1.633	1.20E-05
1.634	1.25E-05
1.635	1.29E-05
1.636	1.32E-05
1.637	1.32E-05
1.638	1.31E-05
1.639	1.32E-05
1.64	1.36E-05
1.641	1.43E-05
1.642	1.51E-05
1.643	1.57E-05
1.644	1.60E-05
1.645	1.58E-05
1.646	1.54E-05
1.647	1.50E-05
1.648	1.49E-05
1.649	1.52E-05
1.65	1.56E-05
1.651	1.57E-05
1.652	1.51E-05
1.653	1.40E-05
1.654	1.27E-05
1.655	1.20E-05
1.656	1.23E-05
1.657	1.33E-05
1.658	1.46E-05
1.659	1.54E-05
1.66	1.54E-05
1.661	1.46E-05
1.662	1.36E-05
1.663	1.30E-05
1.664	1.29E-05
1.665	1.32E-05
1.666	1.34E-05
1.667	1.32E-05
1.668	1.27E-05
1.669	1.21E-05
1.67	1.17E-05
1.671	1.17E-05
1.672	1.19E-05
1.673	1.21E-05
1.674	1.24E-05
1.675	1.28E-05
1.676	1.34E-05
1.677	1.45E-05
1.678	1.61E-05
1.679	1.77E-05
1.68	1.88E-05
1.681	1.90E-05
1.682	1.81E-05
1.683	1.68E-05
1.684	1.56E-05
1.685	1.52E-05
1.686	1.58E-05
1.687	1.68E-05
1.688	1.77E-05
1.689	1.77E-05
1.69	1.68E-05
1.691	1.53E-05
1.692	1.39E-05
1.693	1.30E-05
1.694	1.27E-05
1.695	1.26E-05
1.696	1.24E-05
1.697	1.19E-05
1.698	1.12E-05
1.699	1.07E-05
1.7	1.06E-05
1.701	1.10E-05
1.702	1.16E-05
1.703	1.22E-05
1.704	1.29E-05
1.705	1.34E-05
1.706	1.40E-05
1.707	1.43E-05
1.708	1.42E-05
1.709	1.36E-05
1.71	1.27E-05
1.711	1.17E-05
1.712	1.09E-05
1.713	1.04E-05
1.714	1.03E-05
1.715	1.01E-05
1.716	9.65E-06
1.717	9.15E-06
1.718	8.65E-06
1.719	8.55E-06
1.72	8.85E-06
1.721	9.25E-06
1.722	9.45E-06
1.723	9.15E-06
1.724	8.35E-06
1.725	7.25E-06
1.726	6.15E-06
1.727	5.25E-06
1.728	4.65E-06
1.729	4.15E-06
1.73	3.75E-06
1.731	3.35E-06
1.732	3.15E-06
1.733	3.45E-06
1.734	4.25E-06
1.735	5.55E-06
1.736	6.85E-06
1.737	7.85E-06
1.738	8.05E-06
1.739	7.35E-06
1.74	5.85E-06
1.741	4.05E-06
1.742	2.25E-06
1.743	8.50E-07
1.744	-5.00E-08
1.745	-4.50E-07
1.746	-6.50E-07
1.747	-9.50E-07
1.748	-1.55E-06
1.749	-2.05E-06
1.75	-2.45E-06
1.751	-2.45E-06
1.752	-1.95E-06
1.753	-1.25E-06
1.754	-7.50E-07
1.755	-6.50E-07
1.756	-1.05E-06
1.757	-1.85E-06
1.758	-2.55E-06
1.759	-2.85E-06
1.76	-2.65E-06
1.761	-2.15E-06
1.762	-1.75E-06
1.763	-1.55E-06
1.764	-1.75E-06
1.765	-2.15E-06
1.766	-2.45E-06
1.767	-2.45E-06
1.768	-2.15E-06
1.769	-1.65E-06
1.77	-1.15E-06
1.771	-7.50E-07
1.772	-5.50E-07
1.773	-5.50E-07
1.774	-7.50E-07
1.775	-1.15E-06
1.776	-1.75E-06
1.777	-2.35E-06
1.778	-2.85E-06
1.779	-3.15E-06
1.78	-3.05E-06
1.781	-2.85E-06
1.782	-2.75E-06
1.783	-2.95E-06
1.784	-3.25E-06
1.785	-3.55E-06
1.786	-3.55E-06
1.787	-3.15E-06
1.788	-2.65E-06
1.789	-2.35E-06
1.79	-2.45E-06
1.791	-2.95E-06
1.792	-3.75E-06
1.793	-4.45E-06
1.794	-4.85E-06
1.795	-4.75E-06
1.796	-4.25E-06
1.797	-3.55E-06
1.798	-2.85E-06
1.799	-2.35E-06
1.8	-2.05E-06
1.801	-2.15E-06
1.802	-2.45E-06
1.803	-2.95E-06
1.804	-3.55E-06
1.805	-4.05E-06
1.806	-4.25E-06
1.807	-4.05E-06
1.808	-3.55E-06
1.809	-2.75E-06
1.81	-1.65E-06
1.811	-6.50E-07
1.812	2.50E-07
1.813	8.50E-07
1.814	1.05E-06
1.815	8.50E-07
1.816	4.50E-07
1.817	5.00E-08
1.818	-1.50E-07
1.819	-3.50E-07
1.82	-4.50E-07
1.821	-6.50E-07
1.822	-1.05E-06
1.823	-1.25E-06
1.824	-1.35E-06
1.825	-1.05E-06
1.826	-7.50E-07
1.827	-6.50E-07
1.828	-8.50E-07
1.829	-1.55E-06
1.83	-2.35E-06
1.831	-2.95E-06
1.832	-3.15E-06
1.833	-2.75E-06
1.834	-1.95E-06
1.835	-1.15E-06
1.836	-3.50E-07
1.837	1.50E-07
1.838	3.50E-07
1.839	4.50E-07
1.84	4.50E-07
1.841	5.50E-07
1.842	5.50E-07
1.843	4.50E-07
1.844	1.50E-07
1.845	-4.50E-07
1.846	-1.45E-06
1.847	-2.65E-06
1.848	-3.85E-06
1.849	-4.55E-06
1.85	-4.85E-06
1.851	-4.65E-06
1.852	-4.35E-06
1.853	-4.25E-06
1.854	-4.35E-06
1.855	-4.75E-06
1.856	-5.05E-06
1.857	-5.05E-06
1.858	-4.65E-06
1.859	-3.85E-06
1.86	-2.95E-06
1.861	-2.45E-06
1.862	-2.55E-06
1.863	-3.15E-06
1.864	-4.25E-06
1.865	-5.25E-06
1.866	-5.95E-06
1.867	-6.35E-06
1.868	-6.65E-06
1.869	-7.15E-06
1.87	-7.85E-06
1.871	-8.45E-06
1.872	-8.85E-06
1.873	-8.65E-06
1.874	-7.95E-06
1.875	-6.85E-06
1.876	-5.85E-06
1.877	-5.05E-06
1.878	-4.45E-06
1.879	-4.05E-06
1.88	-3.65E-06
1.881	-3.15E-06
1.882	-2.75E-06
1.883	-2.35E-06
1.884	-2.25E-06
1.885	-2.35E-06
1.886	-2.25E-06
1.887	-2.05E-06
1.888	-1.65E-06
1.889	-1.05E-06
1.89	-5.50E-07
1.891	-5.00E-08
1.892	2.50E-07
1.893	2.50E-07
1.894	5.00E-08
1.895	-3.50E-07
1.896	-1.05E-06
1.897	-1.75E-06
1.898	-2.35E-06
1.899	-2.45E-06
1.9	-2.05E-06
1.901	-1.25E-06
1.902	-4.50E-07
1.903	-1.50E-07
1.904	-3.50E-07
1.905	-1.15E-06
1.906	-2.15E-06
1.907	-2.75E-06
1.908	-2.55E-06
1.909	-1.65E-06
1.91	-3.50E-07
1.911	5.50E-07
1.912	5.50E-07
1.913	-4.50E-07
1.914	-1.95E-06
1.915	-3.55E-06
1.916	-4.65E-06
1.917	-4.95E-06
1.918	-4.85E-06
1.919	-4.65E-06
1.92	-4.55E-06
1.921	-4.85E-06
1.922	-5.15E-06
1.923	-5.35E-06
1.924	-5.35E-06
1.925	-5.45E-06
1.926	-5.65E-06
1.927	-6.25E-06
1.928	-6.95E-06
1.929	-7.55E-06
1.93	-7.55E-06
1.931	-6.85E-06
1.932	-5.65E-06
1.933	-4.15E-06
1.934	-2.65E-06
1.935	-1.45E-06
1.936	-6.50E-07
1.937	-2.50E-07
1.938	-2.50E-07
1.939	-5.50E-07
1.94	-1.15E-06
1.941	-1.95E-06
1.942	-2.85E-06
1.943	-3.65E-06
1.944	-4.35E-06
1.945	-4.85E-06
1.946	-5.15E-06
1.947	-5.45E-06
1.948	-5.85E-06
1.949	-6.35E-06
1.95	-6.95E-06
1.951	-7.25E-06
1.952	-7.05E-06
1.953	-6.55E-06
1.954	-5.95E-06
1.955	-5.45E-06
1.956	-5.35E-06
1.957	-5.55E-06
1.958	-5.85E-06
1.959	-6.05E-06
1.96	-5.95E-06
1.961	-5.65E-06
1.962	-5.25E-06
1.963	-4.95E-06
1.964	-4.85E-06
1.965	-5.15E-06
1.966	-5.65E-06
1.967	-6.45E-06
1.968	-7.35E-06
1.969	-8.25E-06
1.97	-8.75E-06
1.971	-9.05E-06
1.972	-8.95E-06
1.973	-8.75E-06
1.974	-8.55E-06
1.975	-8.45E-06
1.976	-8.35E-06
1.977	-8.25E-06
1.978	-7.85E-06
1.979	-7.25E-06
1.98	-6.55E-06
1.981	-5.95E-06
1.982	-5.45E-06
1.983	-5.25E-06
1.984	-5.15E-06
1.985	-5.15E-06
1.986	-5.25E-06
1.987	-5.35E-06
1.988	-5.55E-06
1.989	-5.95E-06
1.99	-6.45E-06
1.991	-6.75E-06
1.992	-6.75E-06
1.993	-6.15E-06
1.994	-5.15E-06
1.995	-3.95E-06
1.996	-2.85E-06
1.997	-1.95E-06
1.998	-1.35E-06
1.999	-9.50E-07
2	-7.50E-07)
